0804
0805
0804
0804
0804
0804
0804
0805
0804
0804
0804
0805
0804
0804
0804
0804
0804
0804
0804
0804
0804
0804
0804
0805
0804
0804
0804
0804
0804
0804
0804
0804
0804
0804
0804
0804
0804
0804
0804
0804
0804
0804
0804
0804
0804
0804
0804
0804
0804
0804
0804
0804
0804
0804
0804
0804
0804
0804
0804
0804
0805
0805
0804
0804
0804
0804
0804
0804
0804
0804
0804
0805
0804
0804
0805
0804
0804
0804
0804
0804
0804
0804
0804
0804
0805
0804
0804
0804
0804
0805
0804
0804
0804
0804
0803
0802
0805
0808
080a
0809
0809
0807
0805
0804
0802
0800
0800
0801
0803
0803
0804
0804
0803
0803
0804
0804
0804
0805
0805
0804
0804
0803
0804
0804
0805
0805
0805
0806
0805
0805
0804
0804
0805
0805
0805
0805
0805
0805
0804
0805
0804
0803
0803
0807
080a
0809
0809
0809
0807
0805
0803
0801
0800
0801
0801
0803
0804
0803
0802
0802
0802
0802
0802
0803
0804
0804
0805
0805
0806
0806
0806
0806
0806
0805
0804
0804
0804
0804
0803
0804
0804
0804
0804
0805
0805
0805
0803
0803
0803
0805
0808
0809
0809
0808
0807
0806
0803
0801
0801
0800
0801
0803
0803
0804
0803
0802
0803
0802
0802
0803
0803
0804
0804
0805
0806
0806
0806
0806
0806
0806
0805
0805
0804
0804
0803
0803
0803
0804
0804
0804
0804
0804
0804
0804
0803
0804
0807
080a
0809
0809
0808
0806
0804
0802
0801
0800
0800
0802
0803
0804
0804
0803
0802
0802
0802
0803
0804
0804
0804
0805
0806
0806
0806
0807
0807
0806
0806
0805
0805
0804
0804
0804
0804
0804
0804
0804
0804
0804
0804
0804
0804
0803
0804
0807
080a
0809
0809
0808
0806
0804
0802
0801
0800
0800
0801
0803
0804
0804
0803
0802
0802
0802
0803
0804
0805
0805
0806
0806
0806
0806
0806
0806
0806
0805
0805
0805
0804
0804
0804
0804
0804
0804
0804
0804
0804
0804
0804
0803
0802
0804
0809
080a
0808
0808
0808
0805
0803
0801
07ff
0800
0800
0802
0803
0804
0803
0803
0802
0802
0803
0803
0804
0804
0805
0805
0806
0806
0806
0806
0806
0805
0805
0805
0804
0804
0803
0804
0804
0804
0804
0804
0804
0805
0804
0803
0802
0805
080a
080a
0809
0808
0807
0804
0802
0801
0800
0800
0801
0802
0803
0804
0803
0803
0803
0803
0803
0803
0803
0804
0805
0806
0806
0806
0806
0807
0806
0806
0806
0805
0804
0804
0804
0804
0804
0804
0804
0804
0804
0804
0804
0804
0804
0803
0805
0809
0809
0808
0808
0807
0805
0803
0801
0800
0800
0800
0802
0803
0804
0803
0802
0802
0802
0802
0804
0804
0805
0805
0806
0807
0806
0806
0806
0806
0806
0805
0805
0804
0804
0804
0804
0804
0804
0804
0804
0804
0804
0804
0804
0805
0804
0805
0805
0804
0804
0804
0804
0803
0803
0804
0804
0804
0804
0803
0804
0804
0805
0804
0804
0803
0803
0803
0804
0805
0806
0807
0806
0806
0806
0806
0805
0805
0804
0804
0804
0804
0803
0803
0803
0804
0804
0804
0804
0804
0804
0804
0805
0804
0804
0804
0805
0804
0804
0804
0804
0804
0804
0804
0804
0805
0804
0805
0804
0805
0805
0804
0805
0805
0804
0804
0805
0805
0805
0804
0804
0804
0805
0805
0804
0805
0805
0805
0805
0805
0804
0804
0804
0804
0804
0804
0804
0804
0804
0805
0804
0805
0804
0804
0805
0805
0804
0804
0804
0804
0804
0804
0804
0804
0804
0804
0805
0805
0804
0804
0804
0804
0804
0804
0804
0805
0804
0805
0804
0804
0804
0804
0804
0804
0804
0804
0804
0804
0804
0804
0804
0804
0804
0805
0804
0804
0804
0804
0804
0804
0804
0804
0804
0805
0804
0804
0804
0804
0804
0804
0804
0804
0804
0804
0804
0804
0804
0804
0804
0804
0804
0804
0804
0804
0804
0804
0804
0804
