0801
0801
0801
0801
0801
0801
0801
0801
0801
0802
0801
0802
0801
0801
0802
0802
0801
0802
0802
0801
0801
0801
0802
0802
0802
0802
0802
0802
0801
0801
0801
0802
0801
0802
0801
0802
0801
0802
0802
0802
0802
0802
0802
0802
0801
0801
0801
0801
0801
0801
0801
0801
0802
0801
0802
0802
0802
0802
0801
0802
0801
0802
0802
0801
0802
0802
0802
0802
0801
0802
0801
0802
0801
0801
0801
0801
0801
0802
0802
0802
0801
0802
0801
0801
0801
0801
0801
0801
0801
0801
0801
0802
0801
0802
0801
0802
0805
080a
080f
080c
0805
0800
07fd
07fd
07fc
07fd
07fd
07fd
07fd
07fc
07fb
07fd
07fe
07ff
0801
0801
0802
0803
0804
0804
0803
0803
0804
0803
0802
0803
0802
0802
0802
0802
0802
0802
0803
0803
0803
0802
0802
0801
0801
0801
0801
0801
0802
0806
080d
080f
080a
0803
07ff
07fd
07fc
07fc
07fc
07fc
07fc
07fc
07fa
07fa
07fa
07fd
07fe
07ff
0800
0801
0802
0804
0805
0805
0804
0804
0803
0803
0803
0803
0804
0804
0805
0804
0804
0804
0804
0803
0802
0801
0801
0801
0801
0800
0801
0805
0809
080e
080b
0805
0800
07fe
07fd
07fc
07fd
07fd
07fd
07fc
07fb
07fa
07fb
07fc
07fe
07ff
0800
0800
0801
0803
0803
0805
0804
0803
0803
0802
0802
0803
0803
0803
0804
0804
0804
0804
0804
0803
0803
0802
0801
0802
0801
0801
0802
0803
0808
080e
080f
0808
0802
07fe
07fd
07fd
07fd
07fd
07fd
07fd
07fc
07fb
07fb
07fc
07fd
07ff
0800
0801
0802
0803
0804
0805
0804
0804
0803
0803
0803
0802
0803
0803
0803
0804
0804
0804
0804
0803
0803
0802
0801
0801
0801
0801
0801
0801
0803
0807
080d
080e
0808
0801
07ff
07fe
07fd
07fe
07fd
07fd
07fd
07fc
07fa
07fa
07fc
07fd
07ff
0800
0801
0801
0803
0804
0805
0805
0804
0803
0803
0802
0803
0803
0803
0804
0804
0804
0805
0804
0803
0803
0802
0802
0801
0801
0802
0801
0801
0805
080b
080f
080c
0805
0800
07fe
07fd
07fd
07fd
07fd
07fd
07fc
07fb
07fa
07fa
07fc
07fe
07ff
0800
0800
0802
0803
0804
0804
0804
0804
0803
0803
0802
0802
0803
0803
0804
0804
0804
0804
0803
0803
0803
0802
0801
0801
0800
0801
0801
0805
080c
080f
080b
0803
07ff
07fe
07fd
07fd
07fd
07fd
07fd
07fd
07fb
07fa
07fb
07fd
07fe
0800
0800
0800
0801
0803
0804
0804
0804
0803
0803
0802
0802
0802
0802
0803
0803
0804
0804
0804
0804
0803
0802
0802
0801
0801
0801
0801
0801
0802
0805
080c
080e
080c
0803
07ff
07fe
07fc
07fd
07fd
07fd
07fd
07fc
07fb
07fa
07fb
07fd
07fe
0800
0800
0801
0802
0804
0805
0804
0804
0804
0803
0802
0803
0802
0803
0803
0803
0804
0804
0803
0803
0803
0802
0802
0801
0801
0800
0801
0801
0802
0801
0801
0801
0801
0801
0802
0802
0802
0802
0802
0802
0801
0801
0800
0800
0800
0800
0800
0800
0800
0800
0801
0802
0802
0802
0801
0802
0802
0801
0802
0802
0802
0803
0803
0803
0803
0802
0801
0801
0801
0801
0801
0801
0801
0802
0801
0801
0802
0802
0802
0802
0802
0802
0802
0802
0802
0803
0803
0802
0802
0802
0802
0802
0802
0802
0802
0802
0802
0802
0801
0801
0801
0802
0802
0802
0801
0801
0801
0800
0801
0800
0801
0801
0801
0801
0801
0801
0801
0802
0802
0802
0802
0801
0802
0802
0801
0801
0802
0802
0802
0802
0801
0802
0802
0802
0802
0802
0802
0802
0802
0802
0802
0802
0802
0802
0802
0802
0802
0802
0802
0801
0801
0801
0802
0801
0801
0801
0801
0801
0801
0801
0801
0801
0801
0801
0801
0801
0801
0801
0801
0801
0801
0802
0801
0802
0801
0801
0801
0801
0801
0802
0801
0801
0801
0801
0801
0801
0801
0801
0801
0801
0801
0801
0801
0801
0801
0801
0801
0801
0801
0801
